$ANSIBLE_VAULT;1.1;AES256
35313938306162306261343737303432663062383431313935343933363265373731656634363232
6432363531626331623436353965656237336264613231330a363165383034306636326531633439
30333663393337353035393734663163346531313063383237386337303036313763616232343866
3764346363356532360a666334333433646266356430336366313338363438613937353638373630
65343134366638386635396165353335333563373138323334636266646231613464616238353338
32626135643662386336656534613537336561396531393731393861613137383336383564643464
39313233623036653132343236343261643766336263363533643735616536663161313738346134
66306234633731346139313165353366633837613463626361303865336261303432393266396561
65346165313937373931653738663961376562376263656366396539343631626632616237363134
64363331656562306561383031336631626232303736343131333531356664653232346465353633
65386163333232666664343134323261386265653137366436646465613432633334646662663435
32363533386230323063323333323866303430626436333330376331633335376262666364373066
61663235363735376664666263326630633966323039663163613331373337633163346366306430
65326630386336663832386162336333623466636461656666363761656563313231333131633535
64383136653961643437663863386462633736633463366537356538353065343339643139376666
36346539383365653639613136653735643033366162663834363966666636616230656537306332
31623839646634343639663433303565346336333437386336353565333761343532663332653665
32346438383930313761636337316261616438353330343165383063323466623832356337396435
36326362343363343836393532653034666131653937643031336435623264663737646161656661
35303539353361303539633861376436316135376562373835336330643334376162616134343034
34663361353662336161616465363637313564623631356365623464303735613933613132306337
66336630316365303339343564316130393333623537376134323762396634666164396165333965
33323163376463613334386561633539613166373363373864303132646366336436393135396636
30303064373961386233363530373564366364613961356133363932323037393164306432313334
35393464363435326536616464313539383933313466323437316162393065363934366363396136
65353931303964336334623765313537633938626531383765663031346235663737656238636463
62346364633432356432626534633431353561656461343234383830613632613636303165306239
65343435303064323330633434663630656537363239323362636361663861313132653265626134
36626533376335666336396230613263323061653863303765613964613630623863353433626366
36393464383032366562386262333339646263393238313933363566343637623463653238373736
32366366646630353430623661613261366435346137323430323965666431623630393164613338
33363261316333343663303632623464623534623234356535643331643738633264326233616133
37366432393065316637643732656464633037383830356437613830343265646562343063373037
36386462366564656361656431663838626235373430306464626661356337363962323562373838
66363337653866666235323766353562666230373366656236656338356462616637613430373663
61643938303863363737303030373637323866666665646632343036623836623139326635623331
32336132363937313135616266386161653339626638663333633732346131376236653330633635
31663164633362383739383931376464313039663364613630326663656232346666663662366563
35303863386338373732383265636663663538386233313336373261623365633135336233653861
64393661376136376234313333313533353137316263356139373761343932633565353633306663
61323930353139306263613864316163353237336335646639343034663138616163326535643130
37636262366331316634316263663139343161623635306364376330663361626665636132316661
64653563613566353465316631626431653730353666383230613262663565393538643230626133
61363466333334303235613037366636663862313437353561613163353165333362393333363666
37356166396536616462643062353933623135653164323137656236303339363734623733393065
36643230623065333566643035636138613566343261313565326364393630663764336261613538
36353564643435643765616664616335636531643861363830613037336138613863643735626239
31323266613138333761633661666439373034353430386164326461376662363861383064633733
36636130653332333737313665653365376530383461386538383835626439353030636330393231
65303061623034633136366437643666373239346138316464353439653435373031653963363139
38333134613366353465326661363235323164393864656536376266326338303535316232316139
32316238313463656237306566396137643664383839356135636639323834326235323661373265
66313364366463373464376538633039653264303837326663656363363536656238623337616465
37346663373665323538356133303434653232616566643432613632383464326330653361643863
38383936383666646534656537313863323234373438376333333433636531356437376266373131
31643163643963376235643438653365336666323463303033356531613532663532353835383831
66373039396130333061373935333030386265643664666438646531356534643635663132346333
36663935343530626534643563396431373839376466383464636162303262363333656262326135
66343263326137383530633164383366306463316162323362323539353431633834643463636238
62613132613432396131333433636536393134616237373638656363666534396332383832343661
35313436626332316333336330656433333866633831316438303637303433616135633865393537
33646163366639653261323735663336306337623433623163326532333666343635303963373636
37336636366163333933616530366637343034313036363161396362393431393263323635656434
35353363646433616564316639333630613365393732323264653636616564386131356561313438
63363966613737353561656539386239613237323563646231316563343766313130323661633663
35366566343461313662613661353638666237363930383331363965353461373237306333376332
65343063313435373364343539653866653130313631633430666466613762366235313131376632
63636162383061626332346565323561656631383261653636613530386236323035373230383066
62653334306637356330616561383361376164396636646561313635353538326262383732353537
34396566323632653564653764656461336231316531373232653336656134383337353936356231
62643464303866333666336664316133346138346137393736306338313134653530366437363535
33326661383862363364636536343964366566656534373861396263353534333631343765623437
62383935363036316130343361346434383934356237363965333137336164376338313536313334
62383065333136353333663162383862363965333930623139643533616132373433393232626265
63336263363335343365323862653861393533313661623765303733373230343534666166333166
39393834353832613736363239336535363965363735386664316463373431313331636432613966
34383663626236636633336434666462383966313236383065313233333361363162353832346333
39393834623935623337326439613439633535323031353936386337343033356139316231356231
33626132363031373934633531666131666130643232313138653064366336616139316336373238
38643533633665343764386364616565343336653038393036386665653266316364343438303133
66373939323130383436633462313432353138333532373031623638373034623738393939666630
61643638656630303530343039323565626136313762346332366366353931383163626666386663
32626539333536323531316634326538326362656464666134626438363631333963623332333330
36356433393433376633636232386366316533333762313939393832653832643264303136623233
32326430663635326366363331333135663363643836613632346231366663373466666566303835
64623464616564326638303932636531326636336130356332396565376636373736343237613430
62376563303639333466346162643561626263363531653039666333323930633332336134393339
63396662336630653762363931393162623432343232663033396566643439313165653065303739
64343534613930346362366238333930353630646338666530633962633664316334643933383734
34663862303835646566343335376136623361663032613531376232633533353933623338353038
64366332623332323335623538633337353134653736336338393834336335616336643230663365
64323435643837333461333936343730323565346565383934303038303035376632363166356262
37373665656363636562383963613130383534333531313031626132363466393232383532376136
65353862633562626138623931666562633764326537373661346532343835623737363231636164
62643031383336363364633538303036346262663165396565373330666235643530343365353438
34303334333163633763306363316635663832376165313365373466396438653138396166643966
31383737396437326633306163656238633639656137356633646232363866366334643533306536
61613864363566376339353132663330313364333936373830343365383362303630326238663034
35313630376462303162633661353861303362373731323761663764363431346135396238363463
30313736363537656266336339666632636537663839323338623039653132376665343166346432
37363434356366636339386136353031656535626536333364626136633263643037303936333631
65616539613339386439636461616364366634303662633062623832656663623266666330653638
61366138646637366662626161396433653161313030663139623265356631313166316365343736
64383438313331343230386135353035346434363732613265626536636433393564376130316464
39393364333166376138616133626663323231356336383063346430393661646465616662313936
31303063343466656666643837373830613465653036303338383830643933633434323232313039
39646338373033323762313933386431373632356462656537373232363631323463306661383734
39383438386166333362303135383239383736303434316663653662656635666430306162616137
61656532333365393133373130333033666564386536626631303137303463383338613633306438
33633438333039623864353739346335333832393439393430646661386438366238326436663461
31663330393666373365366466643837303661326637333265356137636537396133366439623734
39636534383932616135303561326634326465666332626135306361363462613439616331666539
62376532643237336566323237333137383435346463356235666332353937653331383131636532
33666166666132343534663838363137366336393932643331663935653166363139386537333832
35376439373464656361336466643566346264653638366366623332353832323131373830386662
62636233663133363335356134336431626539353963653265643536376633303239386333636337
36393734633438336364386665353433636337316235313134366639343762663066393836653736
36656338316139303131356666623636636537316563363836636639363733386466303534363030
35616631393236356164303364346562333039633362666135373832363735646363343763303465
34396161653566336561613031616233373761643837383036633336373437313330323537373763
66303935623964366462323236643264376639363063326338626462613638643165623531343533
62646364333433373338396461303739663735643734316530303038613665333934393639356232
62353666336661366534343932316434633133613862343032666365373635306235323138333262
34383962316536333039653638626431336562643061666637643536396634386233383333353735
31653663353764363664373162376433323031633137643432333265313438643430326536336435
64396438623239326539386634663537303434373166653964326362353436666534643239653431
30356131323036626639373132636635396631643935663334623462323330383463653133316461
66636437383764356463636364613739386130373862653134626235616437666662646661326636
32623462323061326662656130343537313166623939643561326662383561346634633430343663
35616265623831383539656432326136633838326232353030613330366439333564353035313030
66653031396632613936636162313738313562316536633163306539616532353630656263336136
35623866376338383134633536666566653135366132353135366432303738363237316663643835
63303137393964656562336363356439353130643230383735343766653238313466613133386263
38343163316636393861373064663231313535613166366265386130306463366134643565333336
31366262653637323563346366663465363261333061343939633765616535366266376339303934
34346262343662656165663734383061366531396130313836303937326234326335343465633462
38643362326363333032626338346563353736313135376363613961656630343932643039646434
30396164613563313931373066666333326334653831633863643934666635353961643537326638
66313562666131656139666662343566656461393963663963616237373761393966666563393232
37313331303533316361613961313262636137306232666366336130663730623931383466363330
37616232376333633037386336346566323861363162626336663531316132313137633633336138
33326366633838383666633030333534393639316434396238316661386633326364643734623739
32326237383963633938636261336430343838333965656464336134396661356134303232353935
35343638386466633164643464366339366265656539633764656336393465636138613630653039
38386630623832386230643735383365643366396630633232613834346664343237656332623462
65386465663061313830613634386532623430323534633633353834313563666138396330373931
62613333343862636239393262616630623330303363353035376364643566373837663237623233
36373264663533643333393037623061636233353732393465353266613732323063663264366665
63333930363732636662303536666639393438316164656639636232633761656362323439306161
61363266353865336634333261356164663130353961646130633339373066663938643034643561
34633833323036626362333039346662626263623661393163633336343461626362326265326236
62616430626164393535336563643061313161366235616236373935383838393932343366623239
64316136373663323262616235643861393536346266646433343734633438373936373331383364
36356438313763363238616131336434656439356365383566356135313434316235636136323733
37393562663233646263303162366336396532653332313730343533396162653531353565396261
32386634343138623235333438376330646235393263363066363237333535643637656438613337
31353834363130666537306264366139313331363636666466366436613666383332663234366235
33633766313039636466623034363432633734663337396538616264316661666462316161656461
39303032613166376633623232373734333137623837636161383830636630353663323963646664
64386230356261376162313861326162376536373464653938346465636332363239623263633238
35623064383232343730333639613832656532633865643638643466623861303434383262336130
30653265336436316465653365633035666431346236343765343935663530323762633361386364
32376463353038656639303936666236306563373061633339663431633563643535653331646132
36386335613238373439666234396433343866616162626665363730353435303964346435666563
63383335333562386639343038373861396638396631306464613437376164363164633263346539
36373239363338646539313734613132623735623835303034333936386439646432333266623163
64366631363765643862666536346436623363333138356436623939323539623936313362353164
38313564623335663538363637626337653939633863363361333033633832623564373336643266
34383338353031626635363332323533333466306132306430336336306561313866373836636666
62643461653764363439623937323634313766633365613661653463323731343330653837383633
30373630333162313962313466326336613363333238393635373231383765383361393061626364
36396530353437663633313132663561636534343766666335386463663662363763363464633034
38316664633337396630323530313934353361613331303934666132643337613437373937303937
34303661653765346165656164666538613564383666663330383337323835643139646164323865
66346163373838303565383539646432613864313937366431363866393966663330323534633136
62333862666132326436396531393764303735666638393530643638383164363662353164613932
32343065653764623864643931666233363632373465383563373062306563376162626431376435
37303661323034386264346666393132633539613464623538353234333137613233396132656663
32333936376534373535303064303636653533393635353234393231373038353633363132656634
30663039313939303739323230313461633361303436636430376130353737636565646565653137
64303065376164366439373865616430393562343037383365616265643763353533663762633233
38363637663364353530306633313239386663323362663966623133396465306438313637613064
65356165373738386363623531373065613832343837633636653961313066313735373530393337
64363533663131353338366136393965633933616461313635616331666632333933393339313865
65376130666539323931366563666337633161383837396266633165373339316334623735383962
63356336646338316136313962346166386536386432623732303830383439613639386137336438
38353162663434633365333237313336346530643838376337663662343663326433373731333730
36373065376236616362633437306132326366656564363431303363383338613835333166326432
31333236363537643032373266323761386565613732333931393332326438386133633432303733
36363437323363636461353965343066336465306564643139386237656130303362653736613037
37346338316233353333373439636337646130396536363433323534616138663434373030666336
62313233346533636163386565303433333938343661346337356630646435323339383532656339
34313561356235356635613135353061343430366130343361356435666566663766383635393238
30613631343638353533323032326136653065386461333238313732393364383839346539646430
66323065663662366432303161663035323431393366613539353239666130333064653264393766
31353239623961613532636333313037613638343434643838626439326463303264313165333864
66333866373866323038316436336432616239353030336461623235666430363235323235396336
64383339383532333032303062643439303032386464396534343935303436663265363965373735
61663238363432373630323532316432626636383630663037633866643532386131613938373565
61346664333935363236623565356530346137313261326261653235303363376532616166353862
38663832393465336433623063656430343234666265646135353536376663376239396237313335
30643735386238373630633238343737643439636136313762366263643536323638613963393432
30623364306265623461356138633962636339653030643832393464653662623034373565663935
35356163383565316230313234656431663635383437626634333230616333326139343432303037
61616361663865313533393864633766326365326134623762666334366433663266636364306538
63653938393039333063633163663664356163303032396233623732383762643663323961643638
34393562313536396534356132316538636162653639306332303362333633383332663362373565
64336333636266393932326636373061326162333533336234333438646163623666333937363133
39626662343739346537333363326435376238383737323238653462626564376231323663616333
39343437333638613965363638616134383835333066316462313134363935333539336162386134
66326663363537346231623834393735313964346464313863663731613638363235663831363863
32376235633863303462646466623762333336353134336639633937313061623632633863613533
33666133663831353332353066353638666466383566393832343863613739393266636464376162
33666363393432303939376462643833343133623430313764616563663664633635616430626235
64386164306431373034306462363465376130346266356361613264323534353531373033356537
63346634336633326135656437346230323634313334343165306664323632613833616562363632
66373339643638653365366337333561353364323962636236373137663039316232313765653839
34383134613665336666313161633465323562396636616631633539633039316230376132373436
35656538303436393937646466633866363931343066343535636132323439366361623236366637
63376665663661363333633962393234616263303162613936316534646535323237323632383336
65393136326533333630393634646561353134386465306431373338306163636563663964613935
34323831393730316336636631636432336466643462663862623033303562393634303261313233
31333630363830613161336165656436646333616631353639396138303636313962393836383964
62336531663238373639346532613762396335626463333731373866646465666662383031663133
39346437643338613762363466376438353637633034323832326234313337376166343733383332
62383039383166373662353163643862613333353035623735663532623334336338373365383066
36373462623462353334616337616333333631393334633065613433323862633334623537653961
38333831363862336662633437613532316162356131323966613833366232343332623032373566
35613762626536396466623365613765613961356231346538326137343235393637633463313131
62366664333561393436623634313431653262623031663764326439643962393763646162663761
61636263396262613932353334393161643064303863336364656463313031646538346133383430
32396237613633653137356139303135663136343163383832363666343764383064323065303432
30363932306134646334383433653763333837323636306430623435636364663934373037353530
35666662643834313234323137393039366331653564326430653532373337346465663963396465
34636532336365666164353237626330383639343437356231623831346534323563373362343231
34643162636438633539626464623639623265323233306539336162663363323066306331363862
39373866303036363965623030323634396362346363653465323661306163383765386639303439
35376238373538353063626361313165626537373236373664396634396566326566306538623231
34363735626665373836373531656432646438333437656666353939303732666162373466353834
65363239663164656131393135623062623236313035646436336465663864373364626435666563
37323530306530333232346363316566336437353763653465343436346538336663323038653566
39643265333630333037396662396465333835663332656364396262366436613462623232663938
36363434663731363936653965383562333761646233326232306132376138356361396138656264
66313865643932333464616666623434663036633339613536666563326235363636376664353435
31373466356538383965626137653261353964633463306166643732613962633138653866666132
62653561306439613732626237393665626635613032613432326335376663373363373965346561
64346133376636313831366234316665303636366634316633636334643465623564616665336537
61623866363839363739613965623762366365366339313135653134323362346238626433346632
63306139653437343739333662383635636532653363386538366565376337353336626237373331
35663938326664333164633932666365383836376639633130386635393431366663303734666162
65323335383232376532393335303139613435363430346534653037616237633965623933383762
66383031363832363661636466376437393666363565663734396339373364346131353832323639
62346466366635653135363039396233303861363736306338643138323366376666356364336238
62343932656538663532623937333938643038653132383031386130633864313735636662393966
35633866303031636536646232393762393765306665343832386366333961333537663065663735
37663430366334643138626639313966623762393266333166653866393239316461623866353164
32373363636461353533303662323439666635376537323939306266616137613239666232336462
65666438646262313561623661656639303563616538366566663131353662343632323962353465
63353432326431613731303530366435363538373739326535306630666233306366383433363861
30616430643332376637616165353464383334373532373133346234323839643734663835373733
65386266613431313632636334326665353933633531623266643965373061623130666662386636
35666465303836663161336432633065366533626163333563663938353237623838613562393335
39613264653765373566623936323066343564666266303533343532646264396337303339346536
65393535626364346634303137313961653538366365356131366463643366656465323738343037
36636334646561356434643633656463653631313139643735663864653239633161653063636666
64666231326235383865316663366563333439616130313462613464373864363537343133636365
61633936633964633263636266376361356531323466396433626561613566613530636462653839
31663036303639333863393164313732623262343135373536396337616334646562306131646437
33323231353339663639366532616138323932383131633935346564626664346362623665353065
39393935643032646461616330316230336436303832363762333862656164376131663630353037
38373162326137303439646164343261356664333836636539373531396532663630623662336262
33613833623365623139613463313831646562633562336432386430323866376264323265313439
39313266393933316164623661656162623834663637633734613562633335616565643930356632
39313865643164616139633661336335356339366335613165613964616535383533306430396465
35346165353261333261343134353534363335623563343761353561323735306564303339643737
33313431613532396131326263316564666236336332353936653761373163663462323932653734
35356331623734316331663334336534343033643937373265643365396265643663303637313734
33393332386638326231393935353536646466646334333430663165613765613831613762326134
39653537326162333735623430373137623263366633663039633634653666393530666532343761
39383863393962643739303865323133653833316661383963646133323463326463376135306661
64653132366361316637366430386665346463653139616230383866313934653162396531626562
36303930313561323132366537316463326635386163643161383239386635643838353937383161
34613730323262343338393666326666393365346666336434323130333031656630373638323162
38653937616236663964396662663135313166363061326234613137393765396331386630366463
64613761636338353439326663353566373730636436626662363263306236373132666433646636
35643831333135383938313363343433383833653134353761643164346136393261643163303635
62656438653163386435316232323833643935336435643261373430313035363963376165656666
34393964346630656531303263313131363866373966656261613332323362643730623935316339
30613265623631383232653866656336316334343138343737623738353230303531303337353564
65633933623737383032636133653264363061663164666535666561386663613365663364343130
33636462363938373830313861326565643331366163666430656532356365633961666538333937
39646361303935323439653764356439316133323337656433343938653664626335316434363037
65653162313132343039313532646331336133396366623239626639373034393965656166313935
31313739313332653935623831653133653037666164383834343664356238383461353866336232
62313562646535343238656430363530393138323062613561396663626135393530383565303963
39376435616166623132303161666435386664363164376235366664636438376238313265626265
39366530316561386230303939356634353938336664393064353935313739313866303431383232
30666130613437376665646566323132636639393439343037373664643565303733636636316164
66346434303731633738383761386134663333353065633964316438643737363265653039383737
32616439646535656632663736643464316237656135396638376134303061303761303066616130
63616536343134616566323632366632626138633864323033656138306330623166336238643438
36363530376430646461643066366161346266316136383933653835386365663737373532386466
39643433376165393038393130313634633665633564663337303630643033396133633733356166
38666564363938383262643339616561323630663763663537373865313764633939613837386237
39353535393863363837663865393533396139613963323865663430656136383038643063346331
63363333326233613964316238353463633764323430646235663130623436653163393166396365
37343666313938303139643261623738383835306561346132356638663136376633646264363335
38373533313064333136356362653736616262303133626137336635303734323132333834323635
39333735363138656231323061663861353830313236383162373332316266346430663737343832
37633366646539396234633439323432356163373265636265386434393063616261336637666461
33393535386531366563346330653237383139633335646136666638323963353031646164363937
62626332623866306235666135613437333562366532323138363532303763643937393732636665
38613235336130626539326130646566346635643037363737343033333030663066336638616363
37643336306637666161356362356636646562366661343638663835333234666137366431306235
34356561663365636266313239353333306333663539323037373938663663636432343938663461
66306131366530326535373730343034626638616136313037306337333063616465316234343035
31366637366361386239643761353232616337306334623663393463373937383538353035323863
39646330326135643732316239333938626439343765663937323536313830356263313963616435
31353631396434353734303336373765323265306632383330663566613566653632663864653961
31366632623264626362396566633436353531376436393035303234363530643664336563316566
39613836383432636566633332396366396561303038336438323632386234363862646231303236
33313937343936666162393165356661623032373737346136343635303333663566613833383166
62366364393336636137663165333339333332326531653135313761393032636235366161316234
39363336383435336261613065303163613038363833633739316334386132373164613431393236
64666635633362393237343031633362636563326564353237363065356436623634363836353339
61376330646134313665623965396132633964643031623838653435656239656632643963656664
36653139353133306531353732326631643033383934633432386266386462303535343439346335
31613839656266643437663139323236356662666538343039373438303935643338306335316130
61653730633831303132316436336562373430303761653135386437316465623232326332363666
32656633366238363261623937623333663038393434633634653962313534346465343034393930
62383938363033623161306637336330666266366362623230616264313836363533306432306565
32393931626561326562613932376663633135653661326439653334643563663539643734376566
33363435343130303736373061396439363032306363366436656536343232333561316439653766
30613630633765663666636636663266643933336166656537386431623961363034376636663637
30366131653739363062636434626132633062633631393730643762383037643664336538626464
31653961373764613835663963366163303130396332646635643065363163393363323464353333
31323965633735313538363865666363343965336330656530373635376131396634346437663632
37623534373763393135653238363862663066303131666466616362666439303234386236653137
66323836303766313532373665383232616133373464353964366439653837623930393932316564
39663439623462646337656464376339326339643932646634653833303237313164636437353439
62343237643164653561366163303738396632316162383263646530653863613863613663376565
38363966613636386233663361353435623239366636633136373561326635356339333263313466
33383930646331633963663739393030326161326634343235316662323030353165326532303561
61373238313431643039363365386364333963366336336363316337316234336166393936343137
35366231613861356562326430373637303163326239356230353563376166356166386162386137
61626530613030306236663232623861303164343939336233613164633766626465343033626339
31363735353837303431633065396135663866306337396663646261303733616338613330643435
31393262386436663531626161303263323734646233316564333537313466353062346639313633
31393836383630336164626330376166613134343061396136376339363037363836613134643463
39653536383938646137653031666634353236326365336362343935626565386234343065343832
62366164313037313934396665653863353265656135383636386261313364306638396638383134
62633562613436656530363031366435343832363734616165363439363430323561373331383634
39653232343132316134396264393466383732386333633432666163363064383637333533316631
64323733616563313436353333313533643730613938353362653531666134613132336633383238
63386533303331656330303336663937623432646437316532396534633732666364386235323737
37376536366335323533383538313864363937313133396166353661613737363063323137636431
39313766656335626666346235636362333564623630643165653739653761383334366162663965
64633636666336623639656539346437623535616335646630376366313937623930326266383165
34613964616437346130363937383364656539363561343064333563643937616331653232353061
64636561346630346632303433336135376231363463396335666565343632393334353366376665
33383034336431303233393534353832613632363463393433373238663632336633653664376535
30316433663065356339363362623364666563333462316335653533383938396138303639313935
35373264613566376231396563333363393736323361363835393965396534366534633531663034
66663432386265363964396562663439346639363363316431386166303133353632633732356262
61653330306237646461643234363831316232386430653137643138316237636536326230313032
63653137356637353232343461616538646336643737363637613932663263373431626136666138
64656632313134633565653266656563633866316162643332353131313965343334313364306238
61313838643338393938353861636237643738393730333038663836313034396431303736373330
66313837663131653239366166353932666661396332356238616133376564336536363663613136
62333436666234336566373633626366613930633263386137616139363738663731333032373136
33613939643763663635613933396663636238613131616534646434383330363761346430623836
61343236666530636333373038656264376463383238326139336163303332623565336239626364
64386539653266376336333237343639383839663938353730653832623737633439343135646131
35643562383463353931316563353463663866656165383235303835636239346338306238376366
61333565613633643038346239643461626330303236366635393463393635636431623633663730
39376235353766633062323535316366393833653839323132313736386330373035323838663936
61383133373466613066633565366361346363373862656266353839393664373164333963623932
64636165326139336235386163636231333462346436303539633031653065373838373362643635
62336234326265373839626638636535616131383165653563396366663861373437316566353965
61653836376263323933306164626366376361353762653161356638616661653632646332643431
66613466653464393834666335633739363866393465666664313665326231326261393135373831
66653538396131623132386162623830333066373838313865386534643138616537383465303332
64653037386266323135623633636166326564626537616464313338373336353130393362363561
66303862316264646133653131663230346532353362303631656637303438366634626233623136
32396339363636313630396533316533353337386232366431376238653732623539356130643662
30626466376231313130656165386166333330623335303139323137613839616164303631636535
31346161366133373937313139396539333034653663616563393236643735316264383338393037
39373066613461636566353561346166626365633636663461653132633664373364363234643837
64393835393236653361343734303265363730646163636330306139303363366335376531346334
62633962613565633562333163623436616539373937323434326364646665316334313562616437
63343130346366346537613366353636306432343731363265383565353461306666376635346230
39303034623663636538613239653533396238363432643139333638356537396539386265393435
34363536616362346163393832353139333038313434633431316531653330386538343366623661
33313437633839333962356138393863393963356433653632373835343537613434383337353034
38373864643038343533356331383564333735383663363161353237633133393261663065323538
31323131623164353337633863373932656538303830323536623638366530383033373839353438
39363636353239316665313265313963656331376330623139356235636635343731333432393130
62393335393637353863613135663233323038623336323036626232666435373531316164666139
66396533613534303336663533646336656337643839313236393065386561343534393961653362
37643162386334376533626234316233656539633464626632303132383037633363343939343263
33643339336266336331626262323535353539356339376261666536646134316434343935653135
65643430356335633063623966646331636435396461616331643562316363313234653736326463
64326334383530656538653162383966313637333934343361613562363533393033626233326539
66343632626561356135623432303863336361306433633936343734396437376464343562366631
32613930643734353934636633386566373037306564643037316136353263333863653963373039
38336336633363386437383437323533353865666431343731343731636366653937373739303535
35613937393534303861326530653761383565316331356466613862663235613530326537363731
35373132623538646534346135363964303964333039303034343537356135363237303833653137
31366562613931613136643435653238616561303461653234623736613531663562333839326365
66316564333862333662636434316162393731633334613431386438616634616134346537636439
64353835386263386161396163356333616164323935663961323636393866386463656464633031
66633961326336633835353664616436393366323038366164623430356665393533643036316564
38316435316332386562643135393435336539626465353534346262666264653564386635666139
33306133653064313830393533306233616233643366626463653639663630636666383165633963
38343932633236623562643865376162343765343333323336613139393035346163383133663066
36663939306261663537343733333039393763373830313437633231333832336666373830326535
31646661343937383238323261313538636231386138346165616636663262386133386633316336
37636438366533366430313165343039653832396164336630663937323662386134626365626134
36323461356166616265373238306535343464656534386565623963363833363166663062623039
61373030376236666639663663626231336632396332353464633735313364383962386536643262
33613264343364663062363765663466623863626563306332386164666565316137656634623934
65343439623032353939633035663866666432393339363639643632323631386436313232363538
31643964646531393133663737646335653638396633393366353637666530333631623231376532
34636131656339396633383634356332663963303536366238373264313465353166646537643734
62633831396361323431386464613932643939643833326130313235643461396565386133323339
36373863663661333137613532353736303836316435363763643831393863633062396462373437
38393535376439623064643535373831616165373166643931303961653834323762613166666565
33353466376337366566343664656631343037653564643038383864643365616230356164326563
64643662396531333965656234363133376338333431373135643433383538316435313764326238
33613663303462386238663565376566646163366161386161316365306362353136663163383538
31313938353261373636623932626632363033623235653436613136646563313937333536353635
64643933343865336436376631633762323936356262393564633462656138326163303464313131
34643336366431373932353166386566363764656632306633653431656563303265306133666335
31626130353465303032353964363035303932353762373437326266353735663639653930646561
38306530313966326430376633396362656339326435616465653533346666316337386337666437
66653864633839346333623662643865316663646231366434343337326630383435396338393238
38613334383665313165373030333063353830626130633438636239356362633731613731333335
61326163653363626265363362666162373064316330346661303231346261636632323164383166
39376363303832306431376332643231376466363839666436316339323138313034623166646535
64376232633136333233393230323635303333623938316330623764373637316438306537663838
35663539383066646366363333663064383866626165616230663164366261613064353534616530
34656133633037636636623137666535666638613564393063373335656565626538656365616538
35336332666537373630626434656364383132613535626561336139626132396261353662366663
36623935323337613434323462646438653961613265306266336235323232633462653164353435
35626566613035643734303032663132373762373463373562616136383239633034666565396364
30616339323564336664663936663365616565623661373632353065616366386431663139306433
35613736343035643639646663336435663461396366313337313862366432343666313531343465
39303136393431633464653233343264643538616534646161393933383164333731656633643063
63613764313933626363633461323337646561653261316136383233393837653131653637353430
63626564383432653139373464323834633438393731396238376130363866613736343735373439
37323566616230663131333964356333313766646433383964326339336261393430373738323539
38316361306534376135313239326461616633666565313265633338653561653061323062353531
30356466626565346462656536613538656464306465633635643462303837396563643065623461
35663932666263376336343466376534613934323964346332373539333363323462336238336163
38373738366163363732366633623235393936326365666334323537316439376237386635363164
30313239306133636539373434643735623465346337383232663830643939363237666264636133
39333935306237636533303438323463356561646162643366623939626435353031303032323030
39616665623331383261653539663765356136383963313830363334306635363537633535663131
62316531353062613531356135663566326230666463376462656466303864313965333332373235
36363262616632376264613831316531653535363765393264306437656566366532386532376365
66336366616236626238643536373234656537353663336335653265643639666135373465303536
64343537636166666137353466363836326163303366313562303762303366383235666331386434
30336431646431303064636436396335396336643439663337663938643965653135303435666531
34376165353735666362316361346561653931633838663530383863646632363833356463343232
34643135373138323165646337323162656264386363396463636133373932626536366334636631
36356261613362616431363434313239333961613033323435646333306132343238326530306362
61343334623130653466383335373836393939333362636439643238316539616437656261363862
66636664646262326362326536656566663630313635666438383264616232613030303536303936
66376465633435643934643433373066326134316338633531336166303535336466336366616362
66613333353765623863376366303563633732626165326339393262663966383835306337613736
30616439316136366536323138633563653238343135646663656534346462336666333766393530
66383230326436313865623765366137653265396131626535313765653130636134303038353433
37313231663066323934393661323734313631626635373737323131343334303734336433373434
30633061336239623339353965306336353239393062616663613135643831313565396339353066
34643166306333353465663732313163366665623265636638626235313932313239373337313031
61386562633766373038306564333565353930313739336135393938366230633730633238323935
39636338303134343935323231373535346165376630386336643034396138376362633230626261
35633231363731323634326332363535393366343239663865613536383864336632336464303737
38626134356536333863653930653330376637626337306333323264616234643164346164626631
30366464323234653532376336663630666265333830623239653964353235643231303037393038
31616266643235616165643235636533376239323935663131636635633864313665383163323836
30303961386538323964303865303861326562323135333266656131633933373462326230396532
64393136633734396138613239386431636662656634373364326162666163643139643133626664
65636133396430376661343338663261386234306639303462623338643537396339343538393866
61353239643938376637313633326138373033343062393131636330303866393239326264353866
37643566326430316333646337393432613164663833316461666237343664393163303164323231
61623966306534313265326564626632356233636630383164353031363663353031323139626566
34663934616666616638643462336137653436313863333062303237396132666531366134626538
64393464393639643665663438313634643562353166653362643962626639643436383162373462
38613364323333363030643763663232316630336166316531313433356536363037373632333464
38613239313262663730346463663936306538396461373434633433653961633530623933633765
33353264306361323963626263323033303039316664663562666366653533376664373163613334
30343537646666613736306464393034333432646462363861303132303665666639383566633964
32386136623261613234353766316663643432363061636665633863326163343339383265623638
63626537373732353334643938306630386566346461363534373533313165313961363062343538
31396434336264333738336265393862663361303961383465306633356263323131396265666530
30633734336135393439633161666432383361313333343833653265336464626562353066303966
38633430636536653465633038343835623661346537346438623039313533646563633866643662
36633635653536366664633936306566393861616336326534663539356236363139383031346466
37656230643961303362313438663936333761636361383763373337323863613861303264316639
66343261336362363430613636663333346366636135653438303764336333643662316638643433
30643262646232663134303662633062663138393131623761663337633538633935336261666533
63353961633832333530663462323762396535613733333262366536613835333165626137373730
37386531363334663465626665633637646630646331623036663831313363333831343238326633
32383430633363656164653665316435393161326439396639386162633236363530333066383639
35633833376635373431643231333364353661313638636663626433346533363464393736333238
65663239353163326363343937386338366238336634363963393332363832346164373632383864
32343230333432623961636636663039376436666536323931333931323531386435623532646362
33653061646539326234653665383462326638343961663139366565383330653532366437663564
64306539646665646537333934373339353364313438626538313138323736346464663365616333
33323137653235643635613436633632383261353735626362623661363833626430363863393065
30343762396639383832323634353863393861353430366261353137663864663433386533353962
65653061313239353861376235386565316335656233306538636566663664303965616238653064
65363161653738636132393637333335333563663666383935303636616164393461626163323031
37613031623439356234346136383536663031653133373937623463663331616564633237656662
31656364636238383462656335323730306261666361316230306336336137326464396539363366
35363663636435353535616662323433666332356536306635326234373339636232616238373166
37326638316237303661343730346237333566353836356535623262353462323066373662646334
65316434613865326630636264353438353338353539653065353064336364623838636634656637
65363464626636363461626236373334663937623065353431386539366433353265383138336334
39613839373537393230616133636537663533636131353830643930343161303661313634653763
61366362396232303134323632306232336636663065613266373330633339316435393865633933
61613130373332656130653037363336323238633236326636393865353066313338613538666461
32393732646238353134653131613466333862396438336434356530616332656639663064333764
36356334353666323731663635386330303538346235613038376533386566363935353963613537
61333932376333323033333533616430326539333335623932326634386662366336376539666465
31653962393238343739623666343134643237653230363737363131653065373062383935616564
35303031346135313630363333653465633938616239356639666666613865623739313166313037
34616139306166613639613631646261346137323639623631373139666135363030666362343764
30316663366263393232363430313431623333366662323137366264303061363764353035333166
62323163623439393735653861636532353963373761643637663632306262646566333832313137
32323438633639393562613231646462303635643130386165346563393034373035376139303432
63663337393062376230323736306633306665363733323032613337343332623363656566356430
61316635643266643935666365326263306536353034373861613563656266306539633130636664
31663132313434356333666535643633303738663439313630646362653430663737336535653233
36316366346161643664656662643934303361623630636565393064376238666239353832373937
62373932633137333533326266333165363166623565356661656132313866383530343761656635
64303834333033386564653933376262396666653233663766326565393536336632386535373932
35353263306530653137383538373664356530646137363766353333663163626533646436303835
65613636623939333930393037636365346339633166303964623139633437633365323133353866
32366335343231373731643530386465313063343435616438623862643839333538623664356630
39663063303666356631653162613237366232313433356135356332633361643939643737396566
39626631393032393835306638346639343334643836663666633233333636636532353032643262
66363535376638353036623430633538386630626438346466316531356164316336653638393131
31653839316262386165303933643666363038623165303435303463633030616633666136623661
32396433356139303634613964343362333339633036633861313538336461303461346265303639
34343034396664373561633238616661303738363737653063623233386265653262653263316466
63313365303764316232636339666434666531623435366162663865343166326566386461346261
63633839316235363737616134653035626233613461306632336430653464653738663463316335
35653838666166653838323861393163353131323966623632363137633332376462336334306338
64653065326461333431303765383939333334623064666130356233363662333530663662393635
31383366353166363462356230303532666665373333633566666265623039663336616437363838
33366566333430633936373531323337316331643865303430663361663733663634336331663261
62356639646435336531383361633037373666356566633930666537333261303264353664333133
31333262666462333333353135313465366161313731613838313061356534383230303861393764
31356264323863366166336333643132623562373430646236646138306163353033363034373433
61343263333564386230346163306264326233336463323264643137373639373033376339383063
64663164343337306439313431393461386663616261363733393361373666633163393761356235
31643564623136346463323734373838393966323663313938386239653537396537303064666436
31323735303663303164623037373933393065623463656362356336363561376637333531646563
63656361376334396562373461353432356638323562353261326432646263383130653765306461
30303463353163353730366633346635363637643132626538383037353035663130343265303632
39373366363137356131643764303234626339633330363935623763346234656339373937303535
30633234343632343530346135616338356632316365393134326435363139313834396662326534
62346533653130613533616230633464376337653230666337653061373930343239356434656565
36643565323030636165346563333763616536333262323532663634646631643331396238653963
32613263333631613837353366383762373465373563383432663265633932303135613733633839
38666162613035633737613334653663323531333037656161383532386261326364383439303064
36656636306338653035663061653163613639626634386335633231353861616664613738343332
61323933353332616265333734653264653536623163643534333336653730316136396131646331
37363738353265633930653033656332313364656133663866343334373932356135383032373431
62386539653262666165323237393834653837363063633632343035386630656266626563633966
37666265386136373362366166356139663135383465343164663064346132336663643835633831
63653930316231393231643336623866636261333961353931363937343666313833323665623335
33386332323437333539353635613762613661613865333635633764366336343363363162356435
62366162316638616339646465636533393665386665616235303761333238626565396261623363
39316131303361303762373862623563356434303663643032393363393164326361393734376638
65386432363438343866366435373336376266306261653166383833643664353539626666643235
64323565383663373766376132633330396233303764633636623763353562326633313066613537
37343861663361323534626236663566616565653461396131656234323763356634633961626564
65346461373536663638333233356262303664643462393133353162383263633836643866353535
64633466313538346166383637333130366434616636623864326239653031613137363331663261
63633436373266383936653266333637376333353930623166343566336436356231653262626636
36333930323865646533356235343862356337353233346137636130303535336564306463383936
37383966306562623734376337383331323731623734323838373765373961623962636661316136
32376336633935643737313061343766653562663230353230356263626633333734386663356239
31393331653332323937336236623930306463303166363430306666353434616665383232353434
62373765636131386331313464653034366230396336666463633635356534383638626164636661
32366661653163646264613737353234346338383536643239656661633634663839633632646339
32363461363637623834653865313963623934656633333962363036363834353733643230393164
35326464363466653034393334333037663037333830323962376232363538316237363264376562
64343330373138313935306562633035613439346536366636353038323266323462643434613561
37393036343362336338333539353162636230303766643464623333313766376132303961353936
64633837636336383837616531316533393364363739666138633866313539646337356132636232
66323939363231393337303735656433643931383366633233633531333733623038626561373331
34616565333733373030346231396265346533633430363766333635363534663961326662333333
36303637303639613733663239366135666531343263633339363438346336303031323233633239
65376134653362373362333230363136383662626539393935343831353937333931373133343733
38346663326531316461656132316438633162626537326164343166633465306636313534633132
64373132623435383131353165346435383237653661643661353733616364396631313237353937
61616233396663353863383636656532346263346132383835383237333733343932663564363261
63376432663862366132646439393330636466653539663661313331336334306265666236393566
33343438633130636435646463353537313034333535633165353038616562396531396630356339
63316163653839623461666639383162316633613533643963353863333335616532616366313635
37626238393533333339306437376233643333623632616466363737393161316237303533643530
37303331363461646435313563663661303537623261313931343632666438306438633631363364
64613634666434633664336462303435343532373333363439623737633637616463313537363736
34376135653861623430393433653638316139363936616363613938363662646538393536363861
32366162666432636563303164643266393034396465376563386262616237346336616236616334
31313839663232323831353538353633306563356232323938666130333566353235396365336464
61646163303334313130376135663337343832666334666466643831643431313461363966303961
33663266633761323731396239333338346637613938376236613366616434313236393262346531
30323535643239643336303966333132313137663663393635653763613838303163663734376430
35656135666231343737663434373732633238323462383663666632383963643938306239393932
31633335356331346165366461366465333131306462303835643062633534333862626661333433
64646361333334653932326334396561346139363465363839393630313633636464643064633632
34346365363261663230393734613639653934366233396164383362636166316433356564636139
65373030303664653135653032313666623862373262306661323434386135323331646635333865
61653131626438613033666537646635306265363939313561646138653965303161663338373636
37333664343361303536336362663937306164363962346366386533373235653538313535656332
65333130656435366532343661656662656566373935643961306436623761306639666433313737
37306631396463303063356265663434653534303561303336353961336161666531313331633066
34303865323562303138643038396334643864623437663935333430623662633239653933633533
37373166313263313063303165626162636134613165646466303135313039313566393263613363
61656134363432313930643662316335616634643464366439363331396361363164323735316332
38653237343066643436633237316539613961663035363232636465636262616639613666656134
65656139363830393863646665636261653335383765346237636362393835343136303534343132
61313436383933666463653065383734643766376331633466303961613734376432356233363264
38633633383861393366363139363839633436373830616330346633623065626633313530306336
64356631316164383865303262396461303462313736656439363863643834653337663139396533
62626162333939356236646639303430636536343533343631666439393163343562613832343634
31613766636335313335336561366636383466653930353161366533343239363632363964636264
34336230643530313536613963653234316462313131666461646437326464633634343163656631
61653564356131653932396266376230613236333234316266663739393364383638316638353864
30613665666131613636396566383034656335643839656330646236623337356665343535336536
64363866656239623334386164383362393462383765666236396463363331613062613237343036
62656635393037363335623261616537373839373639346138333465353462626332396437376637
33353765386139323538613161393362326430346233343064616661313639306534306464353166
62636662643037353031353830333933313861333133386563383331313365393033393839336136
33373333663938623933633539666339343333613433653530633663653966373763343565336139
65663233393037623437663963303565363665333539366261653734643063393032663265663631
30626337323930633731653961396262363433303661633332613232363165386137363162313430
30633036366263376437333831346332313766366561646532346331613963623830643039656432
62636264353838393838366437666538616561653562636265316636636462353963326665663238
38626639343334643266383239396631623865353030653135376461303164346238303734386562
62333832666366353066636361336566653639623235396636323466653034316238326562396364
33656633633738306633623166316531633764333666393866626236363837363266383130393832
33643031323636633732303738346634663233303666646361373765386432613036616331616364
30353665343238353538303361613236366135393564363462366466323335666639353133623661
66653830373435396134353633336333633834336662336365613932393335353962656162333164
38333035353832386230336631343364333232326665383137353630393763393265336637666364
33306165633761643164623465346264363331373533643964353966333766633136653439623339
30386464343066383837336134376265663463303033613930616363616662646462363565363864
64313531613539326264653139346261363363396235393736623534383663623038333463333434
30613731636661303632383066343264616266313961643834623636633230616138326136356334
37316332633235303831386365626132626663386136646637383366363163306432396138616133
61653565616438356361343031313765636430636361393231393662316231623133633533653662
31373564323232656231366535346665306361396262333136363565653162333163643365636663
64376131663763346633303635646434323366643939643535653831346234396261623631386161
37346137653061316534323566313031303932653138663331346438616139663433656462313365
66356538313934643939353331393931616137353632623334303764656266353937
